   3.99999991E-02   12.9272404    
   7.99999982E-02   11.2765226    
  0.119999997       10.7718506    
  0.159999996       10.3333340    
  0.199999988       9.26985073    
  0.239999980       8.08481121    
  0.279999971       7.08022070    
  0.319999963       6.26109314    
  0.359999955       5.62708998    
  0.399999946       5.16992855    
  0.439999938       4.83870888    
  0.479999930       4.57386398    
  0.519999921       4.33579206    
  0.559999943       4.10589266    
  0.599999964       3.87816811    
  0.639999986       3.65240407    
  0.680000007       3.43031454    
  0.720000029       3.21364403    
  0.760000050       3.00335813    
  0.800000072       2.79938364    
  0.840000093       2.60056901    
  0.880000114       2.40467978    
  0.920000136       2.20833945    
  0.960000157       2.00690126    
   1.00000012       1.79436851    
   1.04000008       1.56390285    
   1.08000004       1.31104732    
   1.12000000       1.04792368    
   1.15999997      0.853286505    
   1.19999993      0.909712791    
   1.23999989       1.17670250    
   1.27999985       1.26286411    
   1.31999981      0.975672126    
   1.35999978      0.719559848    
   1.39999974      0.633441389    
   1.43999970      0.585375071    
   1.47999966      0.584136844    
   1.51999962      0.601529002    
   1.55999959      0.609818637    
   1.59999955      0.599034190    
   1.63999951      0.568206608    
   1.67999947      0.519371212    
   1.71999943      0.455409855    
   1.75999939      0.380863160    
   1.79999936      0.308145076    
   1.83999932      0.272877514    
   1.87999928      0.317472249    
   1.91999924      0.406111449    
   1.95999920      0.457257926    
   1.99999917      0.429557145    
   2.03999925      0.348252833    
   2.07999921      0.265231371    
   2.11999917      0.211944804    
   2.15999913      0.193548903    
   2.19999909      0.199493051    
   2.23999906      0.216569424    
   2.27999902      0.237131894    
   2.31999898      0.258444548    
   2.35999894      0.279609174    
   2.39999890      0.298922628    
   2.43999887      0.311324686    
   2.47999883      0.306350768    
   2.51999879      0.272364229    
   2.55999875      0.225255132    
   2.59999871      0.239271596    
   2.63999867      0.295942724    
   2.67999864      0.302653432    
   2.71999860      0.260496587    
   2.75999856      0.208648816    
   2.79999852      0.164608166    
   2.83999848      0.129949182    
   2.87999845      0.104033872    
   2.91999841       8.67511779E-02
   2.95999837       7.89231658E-02
   2.99999833       8.24668780E-02
   3.03999829       9.87366438E-02
   3.07999825      0.126854956    
   3.11999822      0.163108766    
   3.15999818      0.198268995    
   3.19999814      0.214157209    
   3.23999810      0.195664912    
   3.27999806      0.190142944    
   3.31999803      0.250925809    
   3.35999799      0.275090367    
   3.39999795      0.233026385    
   3.43999791      0.177004755    
   3.47999787      0.134046704    
   3.51999784      0.103049628    
   3.55999780       8.07793289E-02
   3.59999776       6.56247362E-02
   3.63999772       5.60726114E-02
   3.67999768       5.13377897E-02
   3.71999764       5.24503775E-02
   3.75999761       6.20162152E-02
   3.79999757       8.24990869E-02
   3.83999753      0.115190111    
   3.87999749      0.159269378    
   3.91999745      0.207455590    
   3.95999742      0.238494486    
   3.99999738      0.228240147    
   4.03999758      0.244585454    
   4.07999754      0.346084714    
   4.11999750      0.359764308    
   4.15999746      0.277519315    
   4.19999743      0.196930856    
   4.23999739      0.142967105    
   4.27999735      0.105216905    
   4.31999731       7.89277554E-02
   4.35999727       6.19653352E-02
   4.39999723       5.17231971E-02
   4.43999720       4.62553613E-02
   4.47999716       4.55753319E-02
   4.51999712       5.16892523E-02
   4.55999708       6.72390759E-02
   4.59999704       9.43464115E-02
   4.63999701      0.134392366    
   4.67999697      0.185838088    
   4.71999693      0.237242550    
   4.75999689      0.259356320    
   4.79999685      0.242310479    
   4.83999681      0.311215580    
   4.87999678      0.407585472    
   4.91999674      0.362245679    
   4.95999670      0.258297414    
   4.99999666      0.182086349    
   5.03999662      0.131365120    
   5.07999659       9.53332484E-02
   5.11999655       7.11810514E-02
   5.15999651       5.68954982E-02
   5.19999647       5.07535040E-02
   5.23999643       5.28921671E-02
   5.27999640       6.48481473E-02
   5.31999636       8.77609327E-02
   5.35999632      0.121607907    
   5.39999628      0.163396120    
   5.43999624      0.201992378    
   5.47999620      0.214613140    
   5.51999617      0.199095398    
   5.55999613      0.248680085    
   5.59999609      0.326338738    
   5.63999605      0.305510253    
   5.67999601      0.228910327    
   5.71999598      0.165259689    
   5.75999594      0.122281104    
   5.79999590       9.21049938E-02
   5.83999586       7.16013238E-02
   5.87999582       5.84890321E-02
   5.91999578       5.00207506E-02
   5.95999575       4.39807810E-02
   5.99999571       3.91250700E-02
   6.03999567       3.49275246E-02
   6.07999563       3.13021913E-02
   6.11999559       2.86137033E-02
   6.15999556       2.80534867E-02
   6.19999552       3.20229270E-02
   6.23999548       4.34375927E-02
   6.27999544       6.49307892E-02
   6.31999540       9.97408703E-02
   6.35999537      0.152073309    
   6.39999533      0.224276409    
   6.43999529      0.306385428    
   6.47999525      0.355907768    
   6.51999521      0.338307858    
   6.55999517      0.461300164    
   6.59999514      0.592059195    
   6.63999510      0.468694806    
   6.67999506      0.306231380    
   6.71999502      0.206751615    
   6.75999498      0.139997244    
   6.79999495       9.32733640E-02
   6.83999491       6.51969016E-02
   6.87999487       5.55595048E-02
   6.91999483       6.15960211E-02
   6.95999479       7.64057264E-02
   6.99999475       9.28229839E-02
   7.03999472      0.103233442    
   7.07999468      0.100767307    
   7.11999464       9.19161066E-02
   7.15999460      0.106322721    
   7.19999456      0.136520505    
   7.23999453      0.145048663    
   7.27999449      0.127602458    
   7.31999445      0.101654172    
   7.35999441       7.99072757E-02
   7.39999437       6.55242950E-02
   7.43999434       5.85244447E-02
   7.47999430       5.87151274E-02
   7.51999426       6.55874386E-02
   7.55999422       7.82692134E-02
   7.59999418       9.52508748E-02
   7.63999414      0.113195248    
   7.67999411      0.125497505    
   7.71999407      0.123767644    
   7.75999403      0.111443274    
   7.79999399      0.123885430    
   7.83999395      0.161978051    
   7.87999392      0.175665006    
   7.91999388      0.155070081    
   7.95999384      0.122737490    
   7.99999380       9.54181999E-02
   8.03999424       7.66266063E-02
   8.07999420       6.59215450E-02
   8.11999416       6.30158633E-02
   8.15999413       6.75852820E-02
   8.19999409       7.91270584E-02
   8.23999405       9.68596563E-02
   8.27999401      0.118712120    
   8.31999397      0.139364585    
   8.35999393      0.148835838    
   8.39999390      0.138897061    
   8.43999386      0.132450759    
   8.47999382      0.171141341    
   8.51999378      0.205995038    
   8.55999374      0.194150239    
   8.59999371      0.155846521    
   8.63999367      0.119502097    
   8.67999363       9.31586251E-02
   8.71999359       7.57436082E-02
   8.75999355       6.62950873E-02
   8.79999352       6.44646734E-02
   8.83999348       7.01167956E-02
   8.87999344       8.33892748E-02
   8.91999340      0.104231678    
   8.95999336      0.131089970    
   8.99999332      0.158432052    
   9.03999329      0.174057901    
   9.07999325      0.165242881    
   9.11999321      0.158298284    
   9.15999317      0.209139004    
   9.19999313      0.249424234    
   9.23999310      0.226539046    
   9.27999306      0.175544739    
   9.31999302      0.132151693    
   9.35999298      0.101649150    
   9.39999294       8.08706880E-02
   9.43999290       6.81588501E-02
   9.47999287       6.24815300E-02
   9.51999283       6.32745102E-02
   9.55999279       7.10257441E-02
   9.59999275       8.70010927E-02
   9.63999271      0.112330824    
   9.67999268      0.146614045    
   9.71999264      0.184830248    
   9.75999260      0.212238982    
   9.79999256      0.207846716    
   9.83999252      0.199318081    
   9.87999249      0.271134257    
   9.91999245      0.320665836    
   9.95999241      0.276945353    
   9.99999237      0.204754949    
   10.0399923      0.150298655    
   10.0799923      0.112795278    
   10.1199923       8.64767805E-02
   10.1599922       6.89978302E-02
   10.1999922       5.80129586E-02
   10.2399921       5.10524921E-02
   10.2799921       4.64904308E-02
   10.3199921       4.37964648E-02
   10.3599920       4.33811322E-02
   10.3999920       4.64939401E-02
   10.4399920       5.51053062E-02
   10.4799919       7.16949776E-02
   10.5199919       9.92433131E-02
   10.5599918      0.141198412    
   10.5999918      0.199843168    
   10.6399918      0.269722819    
   10.6799917      0.322936773    
   10.7199917      0.315011144    
   10.7599916      0.352355152    
   10.7999916      0.510668576    
   10.8399916      0.484414369    
   10.8799915      0.337721556    
   10.9199915      0.229008853    
   10.9599915      0.159577206    
   10.9999914      0.110403910    
   11.0399914       7.81046972E-02
   11.0799913       6.21369891E-02
   11.1199913       6.17173240E-02
   11.1599913       7.40612224E-02
   11.1999912       9.48937684E-02
   11.2399912      0.118971780    
   11.2799911      0.137734994    
   11.3199911      0.139619872    
   11.3599911      0.126827776    
   11.3999910      0.143878594    
   11.4399910      0.188966587    
   11.4799910      0.198771909    
   11.5199909      0.168622330    
   11.5599909      0.130033270    
   11.5999908      0.100073069    
   11.6399908       7.96633959E-02
   11.6799908       6.72663972E-02
   11.7199907       6.22929819E-02
   11.7599907       6.45190701E-02
   11.7999907       7.40611926E-02
   11.8399906       9.11911055E-02
   11.8799906      0.115400851    
   11.9199905      0.143517107    
   11.9599905      0.166745767    
   11.9999905      0.170473188    
   12.0399904      0.155232713    
   12.0799904      0.179655984    
   12.1199903      0.238274708    
   12.1599903      0.244171172    
   12.1999903      0.199586168    
   12.2399902      0.150217220    
   12.2799902      0.114055701    
   12.3199902       8.91858041E-02
   12.3599901       7.30588660E-02
   12.3999901       6.44387975E-02
   12.4399900       6.23810664E-02
   12.4799900       6.67743683E-02
   12.5199900       7.85793886E-02
   12.5599899       9.91596431E-02
   12.5999899      0.129197419    
   12.6399899      0.166637853    
   12.6799898      0.202330381    
   12.7199898      0.216197446    
   12.7599897      0.198983982    
   12.7999897      0.228285506    
   12.8399897      0.309954345    
   12.8799896      0.310404688    
   12.9199896      0.242021620    
   12.9599895      0.176265866    
   12.9999895      0.130836055    
   13.0399895       9.90055650E-02
   13.0799894       7.71182254E-02
   13.1199894       6.30355179E-02
   13.1599894       5.41792735E-02
   13.1999893       4.83556502E-02
   13.2399893       4.44025397E-02
   13.2799892       4.21214774E-02
   13.3199892       4.21012901E-02
   13.3599892       4.56785820E-02
   13.3999891       5.48560545E-02
   13.4399891       7.21422955E-02
   13.4799891      0.100618899    
   13.5199890      0.143925488    
   13.5599890      0.204530329    
   13.5999889      0.276766658    
   13.6399889      0.331185788    
   13.6799889      0.321959943    
   13.7199888      0.367457688    
   13.7599888      0.529238999    
   13.7999887      0.490635514    
   13.8399887      0.337656528    
   13.8799887      0.228446066    
   13.9199886      0.158492729    
   13.9599886      0.108951770    
   13.9999886       7.68224150E-02
   14.0399885       6.16986342E-02
   14.0799885       6.25872761E-02
   14.1199884       7.58618861E-02
   14.1599884       9.64819193E-02
   14.1999884      0.118456729    
   14.2399883      0.132661998    
   14.2799883      0.129294395    
   14.3199883      0.118644677    
   14.3599882      0.143821701    
   14.3999882      0.182511628    
   14.4399881      0.183404639    
   14.4799881      0.152531996    
   14.5199881      0.117783785    
   14.5599880       9.15280730E-02
   14.5999880       7.40415156E-02
   14.6399879       6.42835796E-02
   14.6799879       6.19274005E-02
   14.7199879       6.68405592E-02
   14.7599878       7.90198073E-02
   14.7999878       9.82313305E-02
   14.8399878      0.122810200    
   14.8799877      0.147435695    
   14.9199877      0.160972789    
   14.9599876      0.152526885    
   14.9999876      0.146201476    
   15.0399876      0.191887185    
   15.0799875      0.230736941    
   15.1199875      0.213221788    
   15.1599874      0.167447582    
   15.1999874      0.126766771    
   15.2399874       9.80207920E-02
   15.2799873       7.87975043E-02
   15.3199873       6.76283613E-02
   15.3599873       6.37384951E-02
   15.3999872       6.67707548E-02
   15.4399872       7.71573856E-02
   15.4799871       9.57584679E-02
   15.5199871      0.122806586    
   15.5599871      0.155951738    
   15.5999870      0.186592922    
   15.6399870      0.197317645    
   15.6799870      0.180907220    
   15.7199869      0.202458069    
   15.7599869      0.274451256    
   15.7999868      0.283420682    
   15.8399868      0.228157148    
   15.8799868      0.168775737    
   15.9199867      0.126387551    
   15.9599867       9.68818218E-02
   15.9999866       7.68083408E-02
   16.0399876       6.43587336E-02
   16.0799885       5.76369800E-02
   16.1199894       5.54083921E-02
   16.1599903       5.78865930E-02
   16.1999912       6.66126534E-02
   16.2399921       8.37973133E-02
   16.2799931      0.111715078    
   16.3199940      0.151877299    
   16.3599949      0.202138931    
   16.3999958      0.249416202    
   16.4399967      0.263587087    
   16.4799976      0.245210618    
   16.5199986      0.324590951    
   16.5599995      0.409882635    
   16.6000004      0.354605585    
   16.6400013      0.252638042    
   16.6800022      0.179521322    
   16.7200031      0.130195647    
   16.7600040       9.51734409E-02
   16.8000050       7.19276518E-02
   16.8400059       5.83455898E-02
   16.8800068       5.26347496E-02
   16.9200077       5.48506677E-02
   16.9600086       6.65313900E-02
   17.0000095       8.90562832E-02
   17.0400105      0.122795209    
   17.0800114      0.165380448    
   17.1200123      0.206606776    
   17.1600132      0.223548859    
   17.2000141      0.207135677    
   17.2400150      0.248422414    
   17.2800159      0.333839118    
   17.3200169      0.320401222    
   17.3600178      0.241596863    
   17.4000187      0.173757896    
   17.4400196      0.127989069    
   17.4800205       9.57815945E-02
   17.5200214       7.37007931E-02
   17.5600224       5.94884306E-02
   17.6000233       5.03592305E-02
   17.6400242       4.40323278E-02
   17.6800251       3.93757299E-02
   17.7200260       3.64262983E-02
   17.7600269       3.64942960E-02
   17.8000278       4.21910696E-02
   17.8400288       5.65228537E-02
   17.8800297       8.22075307E-02
   17.9200306      0.122203074    
   17.9600315      0.178843051    
   18.0000324      0.248193473    
   18.0400333      0.306384295    
   18.0800343      0.307993948    
   18.1200352      0.326229453    
   18.1600361      0.483274609    
   18.2000370      0.486787260    
   18.2400379      0.347238749    
   18.2800388      0.234194562    
   18.3200397      0.163035721    
   18.3600407      0.112815171    
   18.4000416       7.89030492E-02
   18.4400425       6.05588667E-02
   18.4800434       5.73645271E-02
   18.5200443       6.75516948E-02
   18.5600452       8.74117836E-02
   18.6000462      0.112277932    
   18.6400471      0.134576485    
   18.6800480      0.142484173    
   18.7200489      0.131406948    
   18.7600498      0.138704017    
   18.8000507      0.185869753    
   18.8400517      0.206877366    
   18.8800526      0.181178555    
   18.9200535      0.140276745    
   18.9600544      0.107088313    
   19.0000553       8.42944831E-02
   19.0400562       6.99294955E-02
   19.0800571       6.30655959E-02
   19.1200581       6.32649735E-02
   19.1600590       7.05188215E-02
   19.2000599       8.52768794E-02
   19.2400608      0.107710496    
   19.2800617      0.136157140    
   19.3200626      0.164330795    
   19.3600636      0.178625613    
   19.4000645      0.167440817    
   19.4400654      0.168885693    
   19.4800663      0.229518771    
   19.5200672      0.261530399    
   19.5600681      0.227181077    
   19.6000690      0.172344685    
   19.6400700      0.129278332    
   19.6800709       9.94687676E-02
   19.7200718       7.93277100E-02
   19.7600727       6.71763122E-02
   19.8000736       6.17064647E-02
   19.8400745       6.21514656E-02
   19.8800755       6.89877272E-02
   19.9200764       8.36774707E-02
   19.9600773      0.107822277    
   20.0000782      0.142021492    
